image_width: 1280
image_height: 720
distortion_model: rational_polynomial
camera_name: jetson_camera
camera_matrix:
  rows: 3
  cols: 3
  data:
  - 8.5183802737884685e+02
  - 0.
  - 6.5580092151982979e+02
  - 0.
  - 8.5125579541943137e+02
  - 3.2300300488382675e+02
  - 0.
  - 0.
  - 1.
distortion_coefficients:
  rows: 1
  cols: 14
  data:  [6.3113080941382611e+00, -4.5148300826373804e+00,
       -1.9011859490405140e-03, 2.7795284604982610e-04,
       -1.1067024423806817e+00, 6.6731016026245085e+00,
       -2.3829175313522657e+00, -3.1009381257877946e+00, 0., 0., 0., 0.,
       0., 0.]
rectification_matrix:
  rows: 3
  cols: 3
  data: [1, 0, 0, 0, 1, 0, 0, 0, 1]
projection_matrix:
  rows: 3
  cols: 4
  data:
  - 1.25205575e+03
  - 0.
  - 5.01770228e+02
  - 0.
  - 0.
  - 1.32881294e+03
  - 3.71746642e+02
  - 0.
  - 0.
  - 0.
  - 1.
  - 0.
